5.81208 3.92617 0 5369.13 7.01007 1.01 24.4564 0 0.718121 1 0 1 40.2
40.2 0.805369 0.557047 27.3658 0.557047;
5.81208 3.92617 0 5369.13 7.01007 1.01 470.128 0 0.718121 1 0 436.805
40.2 40.2 0.805369 0.557047 10.4168 0.738255;
5.81208 -0.771812 0 5369.13 1.76107 1.01 118.282 0.610738 0.718121
0.449664 0 436.805 40.2 40.2 0.805369 0.557047 43.2094 0;
5.81208 -0.771812 0 5369.13 0.76443 1.01 146.43 0.610738 0.718121 0.449664
0 436.805 40.2 40.2 0.805369 0.557047 43.2094 0;
5.81208 -0.771812 0 5369.13 0.76443 0.657517 146.43 0.610738 0.14094
0.275168 1.07563 436.805 40.2 40.2 0.805369 0.557047 43.2094 0.0604027
;
4.02685 -1.61074 0 5369.13 0.897315 0.305034 193.342 0.463087 0.375839
0.483221 2 436.805 40.2 40.2 0.805369 0.557047 27.7342 0.0805369;
4.02685 -1.61074 0 5369.13 0.498658 0.305034 296.55 0.463087 0.375839
0.483221 2 1 40.2 40.2 0.805369 0.557047 25.155 0.328859;
4.02685 -1.61074 0 5369.13 1.69463 0.305034 465.436 0.154362 0.100671
0.0738255 0.621849 94.8658 510.067 510.067 0.805369 0.557047 25.155
0.181208;
4.02685 -1.61074 0 5369.13 1.69463 0.305034 465.436 0.154362 0.14094
0.0738255 0.621849 1 510.067 510.067 0.805369 0.557047 25.155 0.181208
;
1 -0.23 0 10 0.631 0.7 188 0 -1 1 0.041 1 40.2 40.2 0.25 0 18 0.2;
6 -5.30201 0 10 4.02013 0.440604 188 0 0.288591 0 2 1 476.51 194.631
0.25 0 18 0.818792;
6 -1.61074 0.604027 10 0.631544 0.210134 451.362 0 0.409396 0.0939597
2 175.322 0.8 33.557 0.25 0.125 23.3128 0;
6 -0.268456 0.0402685 671.141 0.830872 0.0677852 418.523 0.416107 0.342282
0.33557 2 1 40.2 87.2483 0.25 0.125 17.4174 0.697987;
1.95973 -0.604027 0 5369.13 1.56174 0.887987 287.168 0.825503 0 0.765101
1.27731 41.2282 261.745 93.9597 0.798658 0 37.3141 0.597315;
1.95973 -0.436242 0 5369.13 1.56174 0.793087 287.168 0.879195 0.255034
0.442953 0.436975 235.664 53.6913 53.6913 0.798658 0 23.6812 0.308725
;
6 -5.30201 0 10 4.02013 0.440604 188 0 0.288591 0 2 1 476.51 476.51
0.25 0 18 0.818792;
